75 16 53 97 95 88 22 38 68 60 71 19 19 14 17
34 21 74 38 38 48 30 11 55 65 91 56 38 53 57
91 73 75 59 44 11 54 68 84 70 82 15 10 42 89
12 72 29 76 41 91 88 99 45 98 28 67 64 36 53
91 57 76 17 72 47 45 80 62 32 85 72 68 39 57
25 97 91 58 24 21 88 70 92 20 72 72 42 14 61
94 38 42 10 38 41 60 83 66 27 79 80 90 76 41
37 48 60 43 44 69 44 61 73 68 33 58 64 83 39
70 87 75 35 23 99 27 32 72 96 89 46 96 21 20
25 92 32 68 59 83 58 14 43 27 82 44 68 78 59
24 66 20 31 89 43 18 39 66 28 31 81 64 78 63
59 31 68 89 53 59 43 25 92 63 25 61 97 97 75
90 35 15 69 53 95 41 78 47 96 66 46 32 77 42
65 29 99 39 33 22 90 53 62 67 35 24 55 36 63
74 95 38 95 75 48 86 73 74 45 54 57 55 60 23
